FILE_PATH: hdfs://vm1:9000/user/azureuser/dataset/A-sets/a3.txt
MIN_PTS: 4
EPSILON: 600
X_UNIT: 5000
Y_UNIT: 5000
SPAN_MARGIN: 301.0
NOISE_LABEL: -2
0 65535 976 64142 
length: 65535 63166
after generating area_list, time used: 4.620712518692017
area_list_rdd.count(): 182
after local dbscan, time used: 4.6759703159332275
after merging intersecting sets, time used: 8.817382574081421
cluster_map: {7: 384, 8: 384, 202: 384, 21: 384, 20: 385, 397: 385, 110: 293, 111: 293, 123: 293, 124: 293, 291: 96, 292: 96, 109: 96, 473: 108, 121: 108, 122: 108, 98: 97, 267: 97, 84: 97, 85: 97, 279: 97, 107: 106, 93: 106, 94: 106, 303: 134, 133: 316, 161: 160, 147: 160, 148: 160, 18: 201, 19: 201, 214: 201, 31: 201, 4: 17, 5: 17, 44: 43, 30: 43, 57: 70, 251: 70, 81: 68, 433: 68, 82: 68, 54: 67, 55: 67, 250: 67, 66: 80, 431: 80, 79: 80, 91: 261, 443: 261, 92: 261, 39: 53, 40: 53, 104: 117, 105: 117, 287: 117, 119: 118, 301: 118, 146: 145, 132: 145, 328: 145, 159: 510, 339: 144, 509: 144, 16: 15, 28: 15, 29: 15, 197: 1, 14: 1, 41: 392, 42: 392, 26: 403, 27: 403, 221: 403, 138: 137, 333: 137, 150: 137, 151: 137, 332: 136, 149: 136, 319: 136, 164: 515, 165: 515, 166: 515, 529: 515, 152: 515, 153: 515, 113: 112, 308: 112, 125: 112, 140: 139, 126: 139, 114: 128, 115: 128, 127: 128, 100: 99, 476: 99, 101: 451, 87: 451, 88: 451, 282: 451, 74: 73, 86: 73, 633: 73, 635: 102, 271: 102, 465: 102, 283: 102, 437: 256, 60: 256, 61: 256, 255: 256, 229: 34, 47: 34, 154: 167, 155: 167, 349: 167, 77: 76, 89: 76, 90: 76, 454: 453, 310: 129, 297: 129, 622: 75, 245: 75, 62: 75, 63: 75, 427: 64, 50: 64, 51: 64, 791: 64, 231: 36, 232: 36, 414: 36, 49: 48, 22: 35, 23: 35, 218: 35, 205: 204, 10: 387, 11: 387, 24: 387, 38: 37, 206: 37, 25: 37, 45: 215, 46: 215, 246: 609, 213: 226}
time used: 8.81775712966919
